              precision    recall  f1-score   support

           0     0.7253    0.7340    0.7296       500
         100     0.9085    0.9140    0.9113       500
         500     0.6766    0.6780    0.6773       500
        1000     0.7277    0.6040    0.6601       500
        1500     0.6070    0.6980    0.6493       500
        2000     0.9120    0.9120    0.9120       500

    accuracy                         0.7567      3000
   macro avg     0.7595    0.7567    0.7566      3000
weighted avg     0.7595    0.7567    0.7566      3000
