              precision    recall  f1-score   support

           0     0.6878    0.6300    0.6576       500
         100     0.8692    0.9440    0.9051       500
         500     0.6085    0.6900    0.6467       500
        1000     0.7234    0.6120    0.6631       500
        1500     0.6110    0.6660    0.6373       500
        2000     0.9375    0.8700    0.9025       500

    accuracy                         0.7353      3000
   macro avg     0.7396    0.7353    0.7354      3000
weighted avg     0.7396    0.7353    0.7354      3000
