              precision    recall  f1-score   support

           0     0.4688    0.7200    0.5678       500
         100     0.8447    0.8700    0.8571       500
         500     0.3774    0.1200    0.1821       500
        1000     0.5479    0.6640    0.6004       500
        1500     0.4828    0.4480    0.4647       500
        2000     0.8750    0.8540    0.8644       500

    accuracy                         0.6127      3000
   macro avg     0.5994    0.6127    0.5894      3000
weighted avg     0.5994    0.6127    0.5894      3000
