              precision    recall  f1-score   support

           0     0.4652    0.7360    0.5701       500
         100     0.8603    0.8500    0.8551       500
         500     0.4335    0.1500    0.2229       500
        1000     0.6718    0.5280    0.5913       500
        1500     0.4509    0.5780    0.5066       500
        2000     0.8602    0.8740    0.8671       500

    accuracy                         0.6193      3000
   macro avg     0.6237    0.6193    0.6022      3000
weighted avg     0.6237    0.6193    0.6022      3000
