              precision    recall  f1-score   support

           0     0.9709    0.8680    0.9166       500
         100     0.9776    0.9600    0.9687       500
         500     0.7624    0.9240    0.8354       500
        1000     0.7665    0.6960    0.7296       500
        1500     0.7241    0.7140    0.7190       500
        2000     0.9607    0.9780    0.9693       500

    accuracy                         0.8567      3000
   macro avg     0.8604    0.8567    0.8564      3000
weighted avg     0.8604    0.8567    0.8564      3000
