              precision    recall  f1-score   support

           0     0.8687    0.9000    0.8841       500
         100     0.9425    0.9500    0.9462       500
         500     0.8004    0.8100    0.8052       500
        1000     0.7577    0.5940    0.6659       500
        1500     0.6432    0.7500    0.6925       500
        2000     0.9497    0.9440    0.9468       500

    accuracy                         0.8247      3000
   macro avg     0.8270    0.8247    0.8235      3000
weighted avg     0.8270    0.8247    0.8235      3000
