              precision    recall  f1-score   support

           0     0.4765    0.7100    0.5703       500
         100     0.8755    0.8580    0.8667       500
         500     0.5324    0.2300    0.3212       500
        1000     0.6867    0.5260    0.5957       500
        1500     0.4870    0.6380    0.5524       500
        2000     0.8611    0.8800    0.8704       500

    accuracy                         0.6403      3000
   macro avg     0.6532    0.6403    0.6294      3000
weighted avg     0.6532    0.6403    0.6294      3000
