              precision    recall  f1-score   support

           0     0.4907    0.6880    0.5729       500
         100     0.8547    0.8940    0.8739       500
         500     0.3689    0.2420    0.2923       500
        1000     0.6198    0.6000    0.6098       500
        1500     0.4959    0.4820    0.4888       500
        2000     0.8891    0.8500    0.8691       500

    accuracy                         0.6260      3000
   macro avg     0.6199    0.6260    0.6178      3000
weighted avg     0.6199    0.6260    0.6178      3000
