              precision    recall  f1-score   support

           0     0.9713    0.8120    0.8845       500
         100     0.9893    0.9260    0.9566       500
         500     0.7330    0.9060    0.8104       500
        1000     0.7915    0.6680    0.7245       500
        1500     0.6993    0.7580    0.7274       500
        2000     0.9323    0.9920    0.9612       500

    accuracy                         0.8437      3000
   macro avg     0.8528    0.8437    0.8441      3000
weighted avg     0.8528    0.8437    0.8441      3000
