              precision    recall  f1-score   support

           0     0.7490    0.7220    0.7352       500
         100     0.9020    0.9020    0.9020       500
         500     0.6192    0.6700    0.6436       500
        1000     0.6779    0.6020    0.6377       500
        1500     0.5816    0.6200    0.6002       500
        2000     0.9020    0.9020    0.9020       500

    accuracy                         0.7363      3000
   macro avg     0.7386    0.7363    0.7368      3000
weighted avg     0.7386    0.7363    0.7368      3000
