              precision    recall  f1-score   support

           0     0.5156    0.8620    0.6452       500
         100     0.8738    0.9000    0.8867       500
         500     0.5494    0.6340    0.5887       500
        1000     0.7955    0.2800    0.4142       500
        1500     0.5802    0.4700    0.5193       500
        2000     0.8941    0.8780    0.8860       500

    accuracy                         0.6707      3000
   macro avg     0.7014    0.6707    0.6567      3000
weighted avg     0.7014    0.6707    0.6567      3000
