              precision    recall  f1-score   support

           0     0.9313    0.8940    0.9122       500
         100     0.9934    0.8980    0.9433       500
         500     0.7912    0.8640    0.8260       500
        1000     0.8146    0.6240    0.7067       500
        1500     0.6746    0.7960    0.7303       500
        2000     0.9053    0.9940    0.9476       500

    accuracy                         0.8450      3000
   macro avg     0.8517    0.8450    0.8443      3000
weighted avg     0.8517    0.8450    0.8443      3000
