              precision    recall  f1-score   support

           0     0.9688    0.8080    0.8811       500
         100     0.9957    0.9180    0.9553       500
         500     0.7743    0.8440    0.8077       500
        1000     0.7438    0.6620    0.7005       500
        1500     0.6509    0.7720    0.7063       500
        2000     0.9239    0.9960    0.9586       500

    accuracy                         0.8333      3000
   macro avg     0.8429    0.8333    0.8349      3000
weighted avg     0.8429    0.8333    0.8349      3000
