              precision    recall  f1-score   support

           0     0.8618    0.8480    0.8548       500
         100     0.9348    0.9460    0.9404       500
         500     0.7617    0.8120    0.7861       500
        1000     0.7624    0.6160    0.6814       500
        1500     0.6480    0.7400    0.6909       500
        2000     0.9474    0.9360    0.9416       500

    accuracy                         0.8163      3000
   macro avg     0.8193    0.8163    0.8159      3000
weighted avg     0.8193    0.8163    0.8159      3000
