              precision    recall  f1-score   support

           0     0.8451    0.8840    0.8641       500
         100     0.9408    0.9220    0.9313       500
         500     0.7344    0.8240    0.7766       500
        1000     0.8129    0.5560    0.6603       500
        1500     0.6429    0.7380    0.6872       500
        2000     0.9255    0.9440    0.9347       500

    accuracy                         0.8113      3000
   macro avg     0.8169    0.8113    0.8090      3000
weighted avg     0.8169    0.8113    0.8090      3000
