              precision    recall  f1-score   support

           0     0.8646    0.8940    0.8791       500
         100     0.9446    0.9540    0.9493       500
         500     0.7835    0.8180    0.8004       500
        1000     0.7587    0.6100    0.6763       500
        1500     0.6440    0.7200    0.6799       500
        2000     0.9535    0.9440    0.9487       500

    accuracy                         0.8233      3000
   macro avg     0.8248    0.8233    0.8223      3000
weighted avg     0.8248    0.8233    0.8223      3000
