              precision    recall  f1-score   support

           0     0.8735    0.8700    0.8717       500
         100     0.9253    0.9660    0.9452       500
         500     0.8473    0.7660    0.8046       500
        1000     0.7199    0.6220    0.6674       500
        1500     0.6353    0.7840    0.7019       500
        2000     0.9645    0.9240    0.9438       500

    accuracy                         0.8220      3000
   macro avg     0.8276    0.8220    0.8224      3000
weighted avg     0.8276    0.8220    0.8224      3000
