              precision    recall  f1-score   support

           0     0.5189    0.6860    0.5909       500
         100     0.8579    0.9180    0.8870       500
         500     0.6116    0.4000    0.4837       500
        1000     0.6890    0.6160    0.6505       500
        1500     0.5613    0.6320    0.5945       500
        2000     0.9122    0.8520    0.8811       500

    accuracy                         0.6840      3000
   macro avg     0.6918    0.6840    0.6813      3000
weighted avg     0.6918    0.6840    0.6813      3000
