              precision    recall  f1-score   support

           0     0.5754    0.5420    0.5582       500
         100     0.8921    0.8600    0.8758       500
         500     0.5725    0.6400    0.6043       500
        1000     0.7330    0.5600    0.6349       500
        1500     0.5683    0.6660    0.6133       500
        2000     0.8654    0.9000    0.8824       500

    accuracy                         0.6947      3000
   macro avg     0.7011    0.6947    0.6948      3000
weighted avg     0.7011    0.6947    0.6948      3000
